0 -> -1 1 44 -1
1 -> -1 2 -1 0
2 -> -1 3 -1 1
3 -> -1 4 -1 2
4 -> -1 5 -1 3
5 -> -1 6 -1 4
6 -> -1 7 -1 5
7 -> -1 8 -1 6
8 -> -1 9 -1 7
9 -> -1 10 -1 8
10 -> -1 11 -1 9
11 -> -1 12 45 10
12 -> -1 13 -1 11
13 -> -1 14 -1 12
14 -> -1 15 -1 13
15 -> -1 16 -1 14
16 -> -1 17 -1 15
17 -> -1 18 -1 16
18 -> -1 19 -1 17
19 -> -1 20 -1 18
20 -> -1 21 -1 19
21 -> -1 -1 46 20
22 -> -1 23 47 -1
23 -> -1 24 -1 22
24 -> -1 25 -1 23
25 -> -1 26 -1 24
26 -> -1 27 -1 25
27 -> -1 28 -1 26
28 -> -1 29 -1 27
29 -> -1 30 -1 28
30 -> -1 31 -1 29
31 -> -1 32 -1 30
32 -> -1 33 48 31
33 -> -1 34 -1 32
34 -> -1 35 -1 33
35 -> -1 36 -1 34
36 -> -1 37 -1 35
37 -> -1 38 -1 36
38 -> -1 39 -1 37
39 -> -1 40 -1 38
40 -> -1 41 -1 39
41 -> -1 42 -1 40
42 -> -1 43 -1 41
43 -> -1 -1 49 42
44 -> 0 -1 50 -1
45 -> 11 -1 51 -1
46 -> 21 -1 52 -1
47 -> 22 -1 53 -1
48 -> 32 -1 54 -1
49 -> 43 -1 55 -1
50 -> 44 -1 56 -1
51 -> 45 -1 67 -1
52 -> 46 -1 77 -1
53 -> 47 -1 83 -1
54 -> 48 -1 93 -1
55 -> 49 -1 104 -1
56 -> 50 57 105 -1
57 -> -1 58 -1 56
58 -> -1 59 -1 57
59 -> -1 60 -1 58
60 -> -1 61 -1 59
61 -> -1 62 -1 60
62 -> -1 63 -1 61
63 -> -1 64 -1 62
64 -> -1 65 -1 63
65 -> -1 66 -1 64
66 -> -1 67 -1 65
67 -> 51 68 106 66
68 -> -1 69 107 67
69 -> -1 70 108 68
70 -> -1 71 109 69
71 -> -1 72 110 70
72 -> -1 73 111 71
73 -> -1 74 112 72
74 -> -1 75 113 73
75 -> -1 76 114 74
76 -> -1 77 115 75
77 -> 52 78 116 76
78 -> -1 79 117 77
79 -> -1 80 118 78
80 -> -1 81 119 79
81 -> -1 82 120 80
82 -> -1 83 121 81
83 -> 53 84 122 82
84 -> -1 85 123 83
85 -> -1 86 124 84
86 -> -1 87 125 85
87 -> -1 88 126 86
88 -> -1 89 127 87
89 -> -1 90 128 88
90 -> -1 91 129 89
91 -> -1 92 130 90
92 -> -1 93 131 91
93 -> 54 94 132 92
94 -> -1 95 -1 93
95 -> -1 96 -1 94
96 -> -1 97 -1 95
97 -> -1 98 -1 96
98 -> -1 99 -1 97
99 -> -1 100 -1 98
100 -> -1 101 -1 99
101 -> -1 102 -1 100
102 -> -1 103 -1 101
103 -> -1 104 -1 102
104 -> 55 -1 133 103
105 -> 56 -1 134 -1
106 -> 67 107 145 -1
107 -> 68 108 -1 106
108 -> 69 109 -1 107
109 -> 70 110 -1 108
110 -> 71 111 146 109
111 -> 72 112 -1 110
112 -> 73 113 -1 111
113 -> 74 114 -1 112
114 -> 75 115 -1 113
115 -> 76 116 -1 114
116 -> 77 117 -1 115
117 -> 78 118 -1 116
118 -> 79 119 -1 117
119 -> 80 120 -1 118
120 -> 81 121 -1 119
121 -> 82 122 -1 120
122 -> 83 123 -1 121
123 -> 84 124 -1 122
124 -> 85 125 -1 123
125 -> 86 126 -1 124
126 -> 87 127 -1 125
127 -> 88 128 -1 126
128 -> 89 129 147 127
129 -> 90 130 -1 128
130 -> 91 131 -1 129
131 -> 92 132 -1 130
132 -> 93 -1 148 131
133 -> 104 -1 159 -1
134 -> 105 135 -1 -1
135 -> -1 136 -1 134
136 -> -1 137 -1 135
137 -> -1 138 -1 136
138 -> -1 139 -1 137
139 -> -1 140 -1 138
140 -> -1 141 -1 139
141 -> -1 142 -1 140
142 -> -1 143 -1 141
143 -> -1 144 -1 142
144 -> -1 145 -1 143
145 -> 106 -1 160 144
146 -> 110 -1 161 -1
147 -> 128 -1 174 -1
148 -> 132 149 175 -1
149 -> -1 150 -1 148
150 -> -1 151 -1 149
151 -> -1 152 -1 150
152 -> -1 153 -1 151
153 -> -1 154 -1 152
154 -> -1 155 -1 153
155 -> -1 156 -1 154
156 -> -1 157 -1 155
157 -> -1 158 -1 156
158 -> -1 159 -1 157
159 -> 133 -1 -1 158
160 -> 145 -1 184 -1
161 -> 146 162 -1 -1
162 -> -1 163 -1 161
163 -> -1 164 -1 162
164 -> -1 165 -1 163
165 -> -1 166 -1 164
166 -> -1 167 -1 165
167 -> -1 -1 185 166
168 -> -1 169 186 -1
169 -> -1 170 -1 168
170 -> -1 171 -1 169
171 -> -1 172 -1 170
172 -> -1 173 -1 171
173 -> -1 174 -1 172
174 -> 147 -1 -1 173
175 -> 148 -1 187 -1
176 -> -1 177 196 -1
177 -> -1 178 197 176
178 -> -1 179 198 177
179 -> -1 180 199 178
180 -> -1 181 200 179
181 -> -1 182 201 180
182 -> -1 183 202 181
183 -> -1 -1 203 182
184 -> 160 -1 204 -1
185 -> 167 -1 214 -1
186 -> 168 -1 220 -1
187 -> 175 -1 230 -1
188 -> -1 189 231 -1
189 -> -1 190 232 188
190 -> -1 191 233 189
191 -> -1 192 234 190
192 -> -1 193 235 191
193 -> -1 194 236 192
194 -> -1 195 237 193
195 -> -1 -1 238 194
196 -> 176 197 -1 -1
197 -> 177 198 -1 196
198 -> 178 199 -1 197
199 -> 179 200 -1 198
200 -> 180 201 -1 199
201 -> 181 202 -1 200
202 -> 182 203 -1 201
203 -> 183 -1 -1 202
204 -> 184 205 239 -1
205 -> -1 206 -1 204
206 -> -1 207 -1 205
207 -> -1 208 -1 206
208 -> -1 209 -1 207
209 -> -1 210 240 208
210 -> -1 211 -1 209
211 -> -1 212 -1 210
212 -> -1 213 -1 211
213 -> -1 214 -1 212
214 -> 185 215 -1 213
215 -> -1 216 241 214
216 -> -1 217 242 215
217 -> -1 218 243 216
218 -> -1 219 244 217
219 -> -1 220 245 218
220 -> 186 221 -1 219
221 -> -1 222 -1 220
222 -> -1 223 -1 221
223 -> -1 224 -1 222
224 -> -1 225 -1 223
225 -> -1 226 246 224
226 -> -1 227 -1 225
227 -> -1 228 -1 226
228 -> -1 229 -1 227
229 -> -1 230 -1 228
230 -> 187 -1 247 229
231 -> 188 232 -1 -1
232 -> 189 233 -1 231
233 -> 190 234 -1 232
234 -> 191 235 -1 233
235 -> 192 236 -1 234
236 -> 193 237 -1 235
237 -> 194 238 -1 236
238 -> 195 -1 -1 237
239 -> 204 -1 260 -1
240 -> 209 -1 261 -1
241 -> 215 242 265 -1
242 -> 216 243 266 241
243 -> 217 244 267 242
244 -> 218 245 268 243
245 -> 219 -1 269 244
246 -> 225 -1 273 -1
247 -> 230 -1 274 -1
248 -> -1 249 -1 -1
249 -> -1 250 -1 248
250 -> -1 251 -1 249
251 -> -1 252 -1 250
252 -> -1 253 -1 251
253 -> -1 254 -1 252
254 -> -1 255 -1 253
255 -> -1 256 -1 254
256 -> -1 257 -1 255
257 -> -1 258 -1 256
258 -> -1 259 -1 257
259 -> -1 260 -1 258
260 -> 239 -1 287 259
261 -> 240 -1 288 -1
262 -> -1 263 -1 -1
263 -> -1 264 -1 262
264 -> -1 265 -1 263
265 -> 241 266 -1 264
266 -> 242 267 -1 265
267 -> 243 268 -1 266
268 -> 244 269 -1 267
269 -> 245 270 -1 268
270 -> -1 271 -1 269
271 -> -1 272 -1 270
272 -> -1 -1 -1 271
273 -> 246 -1 289 -1
274 -> 247 275 290 -1
275 -> -1 276 -1 274
276 -> -1 277 -1 275
277 -> -1 278 -1 276
278 -> -1 279 -1 277
279 -> -1 280 -1 278
280 -> -1 281 -1 279
281 -> -1 282 -1 280
282 -> -1 283 -1 281
283 -> -1 284 -1 282
284 -> -1 285 -1 283
285 -> -1 286 -1 284
286 -> -1 -1 -1 285
287 -> 260 -1 299 -1
288 -> 261 -1 300 -1
289 -> 273 -1 316 -1
290 -> 274 -1 317 -1
291 -> -1 292 -1 -1
292 -> -1 293 -1 291
293 -> -1 294 -1 292
294 -> -1 295 -1 293
295 -> -1 296 -1 294
296 -> -1 297 -1 295
297 -> -1 298 -1 296
298 -> -1 -1 -1 297
299 -> 287 -1 326 -1
300 -> 288 301 327 -1
301 -> -1 302 -1 300
302 -> -1 303 -1 301
303 -> -1 304 -1 302
304 -> -1 305 -1 303
305 -> -1 306 -1 304
306 -> -1 307 -1 305
307 -> -1 308 -1 306
308 -> -1 309 -1 307
309 -> -1 310 -1 308
310 -> -1 311 -1 309
311 -> -1 312 -1 310
312 -> -1 313 -1 311
313 -> -1 314 -1 312
314 -> -1 315 -1 313
315 -> -1 316 -1 314
316 -> 289 -1 328 315
317 -> 290 -1 329 -1
318 -> -1 319 -1 -1
319 -> -1 320 -1 318
320 -> -1 321 -1 319
321 -> -1 322 -1 320
322 -> -1 323 -1 321
323 -> -1 324 -1 322
324 -> -1 325 -1 323
325 -> -1 -1 -1 324
326 -> 299 -1 341 -1
327 -> 300 -1 346 -1
328 -> 316 -1 357 -1
329 -> 317 -1 362 -1
330 -> -1 331 374 -1
331 -> -1 332 -1 330
332 -> -1 333 -1 331
333 -> -1 334 -1 332
334 -> -1 335 -1 333
335 -> -1 336 -1 334
336 -> -1 337 -1 335
337 -> -1 338 -1 336
338 -> -1 339 -1 337
339 -> -1 340 -1 338
340 -> -1 341 -1 339
341 -> 326 342 375 340
342 -> -1 343 -1 341
343 -> -1 344 -1 342
344 -> -1 345 -1 343
345 -> -1 346 -1 344
346 -> 327 347 -1 345
347 -> -1 348 -1 346
348 -> -1 349 -1 347
349 -> -1 350 -1 348
350 -> -1 351 -1 349
351 -> -1 -1 376 350
352 -> -1 353 377 -1
353 -> -1 354 -1 352
354 -> -1 355 -1 353
355 -> -1 356 -1 354
356 -> -1 357 -1 355
357 -> 328 358 -1 356
358 -> -1 359 -1 357
359 -> -1 360 -1 358
360 -> -1 361 -1 359
361 -> -1 362 -1 360
362 -> 329 363 378 361
363 -> -1 364 -1 362
364 -> -1 365 -1 363
365 -> -1 366 -1 364
366 -> -1 367 -1 365
367 -> -1 368 -1 366
368 -> -1 369 -1 367
369 -> -1 370 -1 368
370 -> -1 371 -1 369
371 -> -1 372 -1 370
372 -> -1 373 -1 371
373 -> -1 -1 379 372
374 -> 330 -1 380 -1
375 -> 341 -1 385 -1
376 -> 351 -1 395 -1
377 -> 352 -1 401 -1
378 -> 362 -1 411 -1
379 -> 373 -1 416 -1
380 -> 374 381 -1 -1
381 -> -1 382 -1 380
382 -> -1 383 -1 381
383 -> -1 384 -1 382
384 -> -1 -1 417 383
385 -> 375 386 418 -1
386 -> -1 387 -1 385
387 -> -1 388 -1 386
388 -> -1 389 -1 387
389 -> -1 390 -1 388
390 -> -1 391 419 389
391 -> -1 392 -1 390
392 -> -1 393 -1 391
393 -> -1 394 -1 392
394 -> -1 395 -1 393
395 -> 376 396 -1 394
396 -> -1 397 -1 395
397 -> -1 398 -1 396
398 -> -1 399 -1 397
399 -> -1 400 -1 398
400 -> -1 401 -1 399
401 -> 377 402 -1 400
402 -> -1 403 -1 401
403 -> -1 404 -1 402
404 -> -1 405 -1 403
405 -> -1 406 -1 404
406 -> -1 407 420 405
407 -> -1 408 -1 406
408 -> -1 409 -1 407
409 -> -1 410 -1 408
410 -> -1 411 -1 409
411 -> 378 -1 421 410
412 -> -1 413 422 -1
413 -> -1 414 -1 412
414 -> -1 415 -1 413
415 -> -1 416 -1 414
416 -> 379 -1 -1 415
417 -> 384 -1 427 -1
418 -> 385 -1 434 -1
419 -> 390 -1 435 -1
420 -> 406 -1 446 -1
421 -> 411 -1 447 -1
422 -> 412 -1 454 -1
423 -> -1 424 459 -1
424 -> -1 425 -1 423
425 -> -1 426 -1 424
426 -> -1 427 -1 425
427 -> 417 428 -1 426
428 -> -1 429 -1 427
429 -> -1 430 -1 428
430 -> -1 431 -1 429
431 -> -1 432 -1 430
432 -> -1 433 -1 431
433 -> -1 434 -1 432
434 -> 418 -1 -1 433
435 -> 419 436 -1 -1
436 -> -1 437 -1 435
437 -> -1 438 -1 436
438 -> -1 439 -1 437
439 -> -1 440 -1 438
440 -> -1 -1 460 439
441 -> -1 442 461 -1
442 -> -1 443 -1 441
443 -> -1 444 -1 442
444 -> -1 445 -1 443
445 -> -1 446 -1 444
446 -> 420 -1 -1 445
447 -> 421 448 -1 -1
448 -> -1 449 -1 447
449 -> -1 450 -1 448
450 -> -1 451 -1 449
451 -> -1 452 -1 450
452 -> -1 453 -1 451
453 -> -1 454 -1 452
454 -> 422 455 -1 453
455 -> -1 456 -1 454
456 -> -1 457 -1 455
457 -> -1 458 -1 456
458 -> -1 -1 462 457
459 -> 423 -1 463 -1
460 -> 440 -1 464 -1
461 -> 441 -1 465 -1
462 -> 458 -1 466 -1
463 -> 459 -1 467 -1
464 -> 460 -1 488 -1
465 -> 461 -1 494 -1
466 -> 462 -1 515 -1
467 -> 463 468 -1 -1
468 -> -1 469 -1 467
469 -> -1 470 -1 468
470 -> -1 471 -1 469
471 -> -1 472 -1 470
472 -> -1 473 -1 471
473 -> -1 474 -1 472
474 -> -1 475 -1 473
475 -> -1 476 -1 474
476 -> -1 477 -1 475
477 -> -1 478 -1 476
478 -> -1 479 -1 477
479 -> -1 480 -1 478
480 -> -1 481 -1 479
481 -> -1 482 -1 480
482 -> -1 483 -1 481
483 -> -1 484 -1 482
484 -> -1 485 -1 483
485 -> -1 486 -1 484
486 -> -1 487 -1 485
487 -> -1 488 -1 486
488 -> 464 489 -1 487
489 -> -1 490 -1 488
490 -> -1 491 -1 489
491 -> -1 492 -1 490
492 -> -1 493 -1 491
493 -> -1 494 -1 492
494 -> 465 495 -1 493
495 -> -1 496 -1 494
496 -> -1 497 -1 495
497 -> -1 498 -1 496
498 -> -1 499 -1 497
499 -> -1 500 -1 498
500 -> -1 501 -1 499
501 -> -1 502 -1 500
502 -> -1 503 -1 501
503 -> -1 504 -1 502
504 -> -1 505 -1 503
505 -> -1 506 -1 504
506 -> -1 507 -1 505
507 -> -1 508 -1 506
508 -> -1 509 -1 507
509 -> -1 510 -1 508
510 -> -1 511 -1 509
511 -> -1 512 -1 510
512 -> -1 513 -1 511
513 -> -1 514 -1 512
514 -> -1 515 -1 513
515 -> 466 -1 -1 514
